10 0.0707107
0.0145783 0.0176479
0.0279159 0.0351392
0.014406 0.0533759
0.0568391 0.0174704
0.0424916 0.0351056
0.05614 0.0352179
0.0285142 0.0533299
0.0428948 0.0171909
0.0136881 0.0353728
0.0285941 0.0176309
0.0189396 0.0173505
0.0242319 0.0329774
0.0170441 0.0568048
0.0595441 0.0153976
0.0428461 0.0325743
0.052152 0.0338776
0.0308137 0.056299
0.0475785 0.012323
0.0091474 0.0355472
0.031692 0.017163
0.0233009 0.0170531
0.020548 0.0308156
0.0196823 0.0602336
0.0622492 0.0133249
0.0388604 0.0294701
0.0525042 0.0331101
0.0331133 0.0592682
0.0522622 0.00745504
0.00460673 0.0357216
0.0347899 0.0166951
0.0276623 0.0167557
0.016864 0.0286539
0.0223204 0.0636625
0.0649543 0.0112521
0.0348052 0.026355
0.0529258 0.0323536
0.0354128 0.0622373
0.0569459 0.00258713
6.60636e-05 0.0358961
0.0378878 0.0162272
0.0303365 0.0137912
0.0131801 0.0264921
0.0249586 0.0670913
0.067689 0.00921548
0.031842 0.0259407
0.0533475 0.0315971
0.0377123 0.0652064
0.0616 0.0022447
0.0044746 0.0360705
0.0415808 0.0157256
0.0317009 0.00836788
0.00949611 0.0243303
0.0275967 0.0705202
0.0670039 0.0115526
0.0298339 0.028005
0.0537691 0.0308406
0.0400119 0.0681755
0.0622604 0.00270272
0.00901527 0.0362449
0.0456287 0.0152043
0.0330652 0.00294455
0.00581216 0.0221686
0.0302349 0.0674723
0.0599993 0.0144527
0.0278257 0.0300692
0.0541908 0.0300841
0.0423114 0.0702767
0.0624897 0.00259782
0.0135559 0.0364194
0.0496767 0.014683
0.0344295 0.00247877
0.00212821 0.0200068
0.032873 0.0640435
0.0613063 0.0178601
0.0259176 0.0320778
0.0546124 0.0293276
0.0446109 0.0673076
0.0627057 0.00245761
0.0179965 0.0366494
0.0454263 0.0136896
0.0342129 0.00598566
0.00155575 0.0178451
0.0355112 0.0606146
0.0648453 0.0214265
0.0293019 0.0309916
0.055034 0.0285711
0.0469104 0.0643384
0.0629217 0.00231739
0.0171447 0.0399743
0.0405248 0.0144538
0.0292108 0.0036033
0.0052397 0.0156833
0.0381493 0.0571857
0.0683843 0.0249929
0.0329871 0.0297223
0.0554557 0.0278145
0.04921 0.0613693
0.0631377 0.00217718
0.0159919 0.0434822
0.0404088 0.0211072
0.0242087 0.00122094
0.00892365 0.0135215
0.0407875 0.0537569
0.0694981 0.0285593
0.032859 0.0321326
0.0558773 0.027058
0.0515095 0.0584002
0.0633537 0.00203697
0.0148392 0.0469902
0.0441061 0.0240809
0.0192067 0.00116142
0.0126076 0.0113598
0.0434256 0.050328
0.0660338 0.0321705
0.0305876 0.0365702
0.0585389 0.0267928
0.053809 0.0554311
0.0635697 0.00189676
0.0136864 0.0504981
0.0476322 0.0244913
0.0154648 0.000123801
0.0150314 0.0128656
0.0460638 0.0468992
0.0667217 0.0389406
0.0283162 0.0410078
0.0602389 0.0241033
0.0561085 0.052462
0.0637857 0.00175655
0.0125337 0.0540061
0.0479676 0.0241671
0.0126979 0.00444256
0.0164801 0.0174049
0.0487019 0.0434703
0.0676234 0.045902
0.0260448 0.0454453
0.061725 0.0212224
0.0584081 0.0494928
0.0640017 0.00161634
0.0113809 0.057514
0.0483031 0.023843
0.00993111 0.00876131
0.0179288 0.0219443
0.0512953 0.0399956
0.069935 0.0521694
0.0237734 0.0498829
0.0632111 0.0183416
0.0577913 0.0472635
0.0642177 0.00147613
0.0102281 0.061022
0.0486385 0.0235188
0.00716429 0.0130801
0.0193775 0.0264836
0.0528505 0.0353701
0.0655077 0.0583319
0.021502 0.0543205
0.0646972 0.0154607
0.0576482 0.04629
0.0644338 0.00133591
0.00907537 0.06453
0.048974 0.0231946
0.00439746 0.0173988
0.0208262 0.031023
0.0544354 0.0308079
0.0610804 0.0644943
0.0192306 0.058758
0.0661833 0.0125798
0.0575316 0.0453486
0.0646498 0.0011957
0.00792261 0.0680379
0.0492532 0.0227752
0.00163064 0.0217176
0.0222749 0.0355623
0.0575287 0.0286011
0.0566531 0.0706567
0.0169592 0.0631956
0.0677831 0.0101171
0.0574151 0.0444071
0.0647521 0.000637363
0.00676985 0.0698755
0.048024 0.0200002
0.00113619 0.0260363
0.0237236 0.0401017
0.0606664 0.0264581
0.0522258 0.0646022
0.0153917 0.067532
0.0700158 0.00968187
0.0572986 0.0434657
0.0642215 0.00155961
0.00491317 0.0664687
0.0467504 0.0171615
0.00390301 0.0303551
0.0251724 0.044641
0.063804 0.0243151
0.0477985 0.0584398
0.0153818 0.0697453
0.0689937 0.0105456
0.0571821 0.0425242
0.0628038 0.00245759
0.00149895 0.0632542
0.0454769 0.0143227
0.00666983 0.0346738
0.0266211 0.0491804
0.0669416 0.0221722
0.0433712 0.0522774
0.0153718 0.0656012
0.0673196 0.0123286
0.0570655 0.0415828
0.0606484 0.00243632
0.00191527 0.0600398
0.0442034 0.0114839
0.00943666 0.0389926
0.0280698 0.0537197
0.0701954 0.0231547
0.0389439 0.0461149
0.0153619 0.0614571
0.0655294 0.0109861
0.056949 0.0406414
0.0584931 0.00241506
0.00532949 0.0568253
0.0429298 0.00864516
0.0122035 0.0433113
0.0295185 0.0582591
0.0679325 0.0247391
0.0345166 0.0399525
0.016896 0.0580856
0.0636993 0.00904174
0.0568325 0.0396999
0.0563378 0.00239379
0.00719966 0.0528382
0.0416563 0.00580639
0.0173611 0.0447595
0.0309672 0.0627984
0.064639 0.0263235
0.0300893 0.0337901
0.0200455 0.0555265
0.0625367 0.00767519
0.0567159 0.0387585
0.0535151 0.00179474
0.0050636 0.0509094
0.0403827 0.00296762
0.0233964 0.0435341
0.0324159 0.0673378
0.0613455 0.0279078
0.0256619 0.0276276
0.0233699 0.0544305
0.0614792 0.0063975
0.0565994 0.037817
0.0505872 0.00110685
0.00187512 0.050191
0.0391092 0.000128856
0.029248 0.0406481
0.0338646 0.0695442
0.0586838 0.0278084
0.0212346 0.0214652
0.0268778 0.0549951
0.0604217 0.0051198
0.0558511 0.0385594
0.0476593 0.00041895
0.00131337 0.0494726
0.0378357 0.00270991
0.0350996 0.0377621
0.0353133 0.0650049
0.0565897 0.0261656
0.0168073 0.0153028
0.0303857 0.0555597
0.0593642 0.0038421
0.0545351 0.0408451
0.044985 0.000358584
0.00450186 0.0487542
0.0363086 0.00563832
0.0409513 0.0348761
0.0385404 0.0637265
0.0544956 0.0245229
0.01238 0.00914036
0.0321153 0.0528634
0.0583067 0.0025644
0.0532192 0.0431307
0.0424167 0.00117484
0.00769034 0.0480358
0.0346755 0.00860545
0.0468029 0.0319901
0.0426171 0.0639979
0.0524015 0.0228802
0.00795271 0.00297793
0.0329953 0.0486172
0.0572492 0.0012867
0.0519032 0.0454164
0.0398484 0.0019911
0.0108788 0.0473174
0.0330424 0.0115726
0.0518134 0.0314629
0.0466938 0.0642693
0.0511486 0.0188786
0.0035254 0.0031845
0.0338753 0.0443711
0.0561917 9.00025e-06
0.0505873 0.047702
0.03728 0.00280736
0.0140673 0.0465989
0.0314093 0.0145397
0.0564439 0.0320814
0.0507704 0.0645407
0.0502756 0.0137313
0.000901909 0.00934693
0.0347553 0.0401249
0.0551342 0.0012687
0.0492713 0.0499877
0.0347117 0.00362362
0.0172558 0.0458805
0.0297763 0.0175068
0.0610745 0.0327
0.0548471 0.0648121
0.0487377 0.00967291
0.00532922 0.0155094
0.0356353 0.0358787
0.0547416 0.00145753
0.0479554 0.0522734
0.0321434 0.00443988
0.0204443 0.0451621
0.0281432 0.020474
0.065705 0.0333185
0.0589238 0.0650835
0.0449199 0.00923326
0.00975653 0.0216718
0.0365152 0.0316326
0.056629 0.00197242
0.0466394 0.054559
0.029575 0.00525614
0.0236328 0.0444437
0.0265101 0.0234411
0.0703355 0.0339371
0.0630005 0.065355
0.0411021 0.00879361
0.0141838 0.0278342
0.0373952 0.0273864
0.0585163 0.00540236
0.0453235 0.0568447
0.0270067 0.0060724
0.0268213 0.0437253
0.024877 0.0264082
0.0664553 0.0345556
0.0670771 0.0656264
0.0372843 0.00835397
0.0154887 0.0348811
0.0382752 0.0231402
0.0604037 0.0088323
0.0440075 0.0591304
0.0244384 0.00688866
0.0300097 0.0430069
0.0263664 0.028491
0.0618248 0.0351741
0.0702675 0.0658978
0.0334664 0.00791432
0.0151862 0.0424121
0.0391552 0.0188941
0.0622911 0.0122622
0.0426916 0.061416
0.0218701 0.00770492
0.0331982 0.0422885
0.0294631 0.0300895
0.0571942 0.0357927
0.0661909 0.0661692
0.0296486 0.00747467
0.0148837 0.0499431
0.0400352 0.0146479
0.0641784 0.0156922
0.0413756 0.0637017
0.0193017 0.00852118
0.0363867 0.0415701
0.0325599 0.031688
0.0525637 0.0364112
0.0621142 0.0664406
0.0262405 0.00696091
0.0145811 0.0574742
0.0409151 0.0104017
0.0660658 0.0191221
0.0400597 0.0659873
0.0163237 0.00941155
0.0399971 0.041809
0.0352348 0.0323293
0.0493876 0.0357837
0.0580375 0.0667121
0.0233894 0.00634361
0.0142786 0.0650052
0.0417951 0.00615559
0.0679531 0.0225521
0.0387437 0.068273
0.0127887 0.0104055
0.0425626 0.0442154
0.0375001 0.0320491
0.0494926 0.0322568
0.0539608 0.0669835
0.0205383 0.0057263
0.013976 0.0688851
0.0426751 0.00190942
0.0698405 0.025982
0.0374278 0.0705587
0.00925365 0.0113994
0.0418546 0.0495218
0.0397578 0.0317682
0.0515985 0.0287763
0.0498841 0.0672549
0.0176871 0.005109
0.0136735 0.0613541
0.0435551 0.00233674
0.0696935 0.0294119
0.0361118 0.068577
0.00571864 0.0123933
0.0411466 0.0548281
0.0400146 0.031441
0.0539102 0.0252957
0.0458388 0.0675711
0.014836 0.00449169
0.013371 0.053823
0.0444351 0.0065829
0.0678061 0.0328419
0.034468 0.0667252
0.00218363 0.0133872
0.0407352 0.0596559
0.0400656 0.0311139
0.0562218 0.0218151
0.0438538 0.0701447
0.0119848 0.00387439
0.0130684 0.046292
0.045315 0.0108291
0.0659188 0.0362718
0.0297369 0.0686985
0.00135138 0.0143811
0.0413507 0.0572692
0.0401166 0.0307868
0.0585335 0.0183345
0.0419932 0.0662089
0.00913371 0.00325708
0.0127659 0.0387609
0.046195 0.0150752
0.0640314 0.0397018
0.0250058 0.0706717
0.0048864 0.0153751
0.0418417 0.0546523
0.0401677 0.0304596
0.0608451 0.0148539
0.0401327 0.0622732
0.00628257 0.00263978
0.0124634 0.0312299
0.047075 0.0193214
0.0621441 0.0431317
0.0202747 0.0687764
0.00842141 0.016369
0.0423328 0.0520354
0.0402187 0.0301325
0.0631567 0.0113733
0.0382722 0.0583374
0.00343143 0.00202247
0.012426 0.0256416
0.047955 0.0235676
0.0602567 0.0465617
0.0155436 0.0668031
0.0116912 0.0154202
0.0428238 0.0494185
0.0402698 0.0298054
0.0654684 0.00789269
0.0364117 0.0544016
0.000580296 0.00140517
0.0132791 0.0271168
0.0501926 0.0268418
0.0583693 0.0499916
0.0108125 0.0648298
0.0140706 0.00740784
0.0433148 0.0468016
0.0389632 0.0304502
0.06778 0.00441209
0.0345512 0.0504659
0.00227084 0.000787864
0.0141322 0.028592
0.0526805 0.0299466
0.056482 0.0534215
0.00608137 0.0628566
0.01645 0.000604498
0.0438058 0.0441847
0.0374062 0.0312644
0.0700917 0.000931492
0.0326907 0.0465301
0.00512198 0.000170559
0.0149853 0.0300672
0.0551685 0.0330514
0.0545946 0.0568515
0.00135026 0.0608833
0.0188294 0.00861684
0.0442969 0.0415678
0.0358493 0.0320787
0.069018 0.00254911
0.0308302 0.0425943
0.00797312 0.000446746
0.0158384 0.0315424
0.0576565 0.0361562
0.0527073 0.0602814
0.00338084 0.05891
0.0212088 0.0166292
0.0447879 0.0389509
0.0342923 0.0328929
0.0667064 0.00602971
0.0277794 0.0415064
0.0108243 0.00106405
0.0166915 0.0330177
0.0601445 0.039261
0.0508199 0.0637114
0.00811195 0.0569367
0.0235881 0.0246415
0.0452789 0.036334
0.0339256 0.0308593
0.0643947 0.00951031
0.0242746 0.0414796
0.0136754 0.00168136
0.0158157 0.0357582
0.0626325 0.0423658
0.0489326 0.0671413
0.0128431 0.0549635
0.0252579 0.0311563
0.0457699 0.0337171
0.0364514 0.0279968
0.0620831 0.0129909
0.0216383 0.0450166
0.0165265 0.00229866
0.0118206 0.0387816
0.0651205 0.0454706
0.0470452 0.0705712
0.0175555 0.053024
0.0266042 0.0336125
0.0478208 0.0323242
0.0400103 0.0240885
0.0597714 0.0164715
0.0227563 0.0424339
0.0193777 0.00291597
0.00731793 0.0415058
0.0676085 0.0485754
0.0451578 0.0674202
0.018578 0.0588205
0.0283937 0.0347515
0.0511249 0.0319348
0.0423161 0.0191767
0.0574598 0.0199521
0.0220131 0.0422526
0.0222288 0.00353327
0.0028153 0.04423
0.0700965 0.0516802
0.0432705 0.0639902
0.0192874 0.0653213
0.0323573 0.0327849
0.0544289 0.0315454
0.044622 0.0142649
0.0551044 0.022033
0.0212571 0.042088
0.0250799 0.00415058
0.00168733 0.0469542
0.0688369 0.054785
0.0413831 0.0605603
0.0199968 0.0695992
0.0363338 0.0308016
0.0577767 0.0325557
0.0469278 0.00935307
0.0526483 0.0219401
0.020501 0.0419233
0.0279311 0.00476788
0.00618997 0.0496784
0.0663489 0.0578899
0.0394958 0.0571303
0.0207063 0.0630984
0.0403103 0.0288184
0.0612252 0.0357398
0.0492336 0.00444127
0.051011 0.0212398
0.019745 0.0417586
0.0307822 0.00538519
0.0106926 0.0524026
0.0638609 0.0609947
0.0376084 0.0537004
0.0214157 0.0565976
0.0434681 0.0274424
0.0646737 0.0389239
0.0515394 0.000470525
0.0535389 0.0173611
0.0189889 0.041594
0.0336334 0.00600249
0.0128807 0.0550098
0.0613729 0.0640995
0.035721 0.0502705
0.0244396 0.0502138
0.0424606 0.0292449
0.0681222 0.042108
0.0538452 0.00538232
0.0559368 0.0185454
0.0167276 0.0402482
0.0364845 0.0066198
0.0134213 0.0575691
0.0588849 0.0672043
0.0379567 0.0473717
0.0264934 0.0445277
0.0414531 0.0310473
0.0698507 0.0452922
0.056281 0.00523117
0.0582412 0.0233651
0.0127342 0.0376996
0.0393356 0.0072371
0.0139618 0.0601285
0.0563969 0.0703091
0.0430133 0.0448626
0.0274583 0.0396548
0.0404456 0.0328498
0.0664022 0.0484763
0.0588104 0.00144458
0.0605456 0.0281849
0.00874081 0.035151
0.0421868 0.00785441
0.0145023 0.0626879
0.053909 0.0680075
0.0480699 0.0423535
0.0284233 0.0347819
0.0394381 0.0346522
0.0629537 0.0516604
0.0613397 0.00234202
0.0628501 0.0330046
0.00474743 0.0326024
0.0450379 0.00847171
0.0150428 0.0652473
0.051421 0.0649027
0.0531266 0.0398444
0.0293882 0.029909
0.0384306 0.0364547
0.0595052 0.0548445
0.063869 0.00612861
0.0675821 0.0368754
0.000754048 0.0300539
0.047889 0.00908902
0.0155833 0.0678067
0.0480557 0.0624531
0.0557556 0.0382842
0.0303531 0.0250361
0.0374231 0.0382571
0.056934 0.0573734
0.0663983 0.00991521
0.0666723 0.0398323
0.00323933 0.0275053
0.0507402 0.00970632
0.0161239 0.070366
0.0419475 0.0619702
0.0559496 0.037638
0.031318 0.0201632
0.0364156 0.0400596
0.0571058 0.0579357
0.0689276 0.0137018
0.0627951 0.0441261
0.00723271 0.0249567
0.0535913 0.0103236
0.0166644 0.0684959
0.0358392 0.0614872
0.0528538 0.0356548
0.0322829 0.0152903
0.0354081 0.041862
0.0572776 0.0584979
0.0699645 0.0174884
0.0606157 0.0491508
0.0112261 0.0224081
0.0564425 0.0109409
0.0172049 0.0659366
0.0297309 0.0610043
0.0480602 0.0329407
0.0332478 0.0104174
0.0344006 0.0436645
0.0574493 0.0590602
0.0674351 0.021275
0.0594183 0.0507978
0.0152195 0.0198595
0.0592936 0.0115582
0.0158204 0.0642231
0.0255477 0.0596754
0.0432667 0.0302266
0.0342127 0.00554444
0.0333931 0.0454669
0.0566392 0.0630002
0.0649058 0.0250616
0.0586048 0.0511058
0.0192129 0.0173109
0.0621447 0.0121755
0.00999523 0.0644725
0.0258051 0.0563837
0.0384731 0.0275125
0.0351776 0.000671538
0.0323856 0.0472694
0.055445 0.0682792
0.0623765 0.0288482
0.0577914 0.0514138
0.0232062 0.0147623
0.0649959 0.0127928
0.00417006 0.0647219
0.0244071 0.054978
0.0336795 0.0247984
0.0361426 0.00420137
0.0330335 0.0471858
0.0542508 0.0678631
0.0598472 0.0326348
0.056978 0.0517217
0.0271996 0.0122137
0.067847 0.0134102
0.00165511 0.0649713
0.0215856 0.0551686
0.028886 0.0220843
0.0371075 0.00907428
0.035105 0.045506
0.0530566 0.0625841
0.0573179 0.0364214
0.0572337 0.0499204
0.028285 0.00951819
0.0706981 0.0140275
0.00748028 0.0652207
0.018764 0.0553591
0.0241107 0.0198829
0.0409621 0.0135814
0.0371765 0.0438262
0.0507933 0.0594143
0.0547886 0.040208
0.0603213 0.050395
0.0282954 0.00683238
0.0678721 0.0146448
0.0133055 0.0654701
0.0159424 0.0555496
0.0193366 0.0177784
0.0458905 0.0179819
0.039248 0.0421463
0.0474068 0.0584192
0.0505506 0.0395441
0.0638514 0.0519457
0.0283058 0.00414656
0.0650209 0.0152621
0.0191254 0.0658581
0.0131261 0.0556016
0.0145626 0.0156739
0.0508189 0.0223824
0.0379133 0.0415293
0.0440202 0.0574241
0.0492762 0.0367412
0.0673816 0.0534965
0.0283162 0.00146075
0.0621698 0.0158794
0.024944 0.066296
0.0103111 0.0556036
0.00978856 0.0135694
0.0561956 0.0259363
0.0338638 0.0417791
0.0406337 0.056429
0.0502684 0.033918
0.0705097 0.0550473
0.0283266 0.00122506
0.0593635 0.015857
0.0307626 0.0667339
0.00749607 0.0556056
0.00501453 0.011465
0.0636298 0.0264332
0.0298143 0.042029
0.0372472 0.0554339
0.0491582 0.0347915
0.0669795 0.056598
0.028337 0.00391087
0.0565929 0.015133
0.0365812 0.0671719
0.00468108 0.0556076
0.000240488 0.00936048
0.0703931 0.0276316
0.0257647 0.0422788
0.0338606 0.0544388
0.048048 0.0356651
0.0634494 0.0581488
0.0283474 0.00659669
0.0538223 0.014409
0.0423998 0.0676098
0.00186608 0.0556096
0.00453355 0.007256
0.0629946 0.0288301
0.0217152 0.0425287
0.0304741 0.0534437
0.0469379 0.0365387
0.0599193 0.0596995
0.0283578 0.0092825
0.0510517 0.013685
0.0482184 0.0680477
0.000948918 0.0556117
0.00930759 0.00515152
0.0555962 0.0300285
0.0176657 0.0427785
0.0270876 0.0524485
0.0458277 0.0374122
0.0571546 0.0600674
0.0283682 0.0119683
0.0482811 0.012961
0.0532716 0.0696685
0.00376392 0.0556137
0.0140816 0.00304704
0.0491041 0.0301074
0.0136162 0.0430284
0.0237011 0.0514534
0.0438112 0.0394053
0.056721 0.0565812
0.0283786 0.0146541
0.0455106 0.012237
0.0559937 0.0663029
0.00657891 0.0556157
0.0188557 0.00094256
0.0442881 0.0280438
0.00956669 0.0432782
0.0203145 0.0504583
0.0401185 0.0435409
0.0563864 0.0511708
0.028389 0.0173399
0.04274 0.011513
0.0586168 0.0627772
0.00939391 0.0556177
0.0236297 0.00116192
0.0394721 0.0259803
0.00551717 0.0435281
0.016928 0.0494632
0.0364259 0.0476765
0.0560567 0.0455756
0.0273124 0.0192908
0.0399694 0.010789
0.0612349 0.0594362
0.00976472 0.0578815
0.0284037 0.0032664
0.035743 0.0246516
0.00146766 0.0437779
0.0159856 0.0462063
0.0327333 0.0518121
0.0557271 0.0399804
0.0218172 0.0182841
0.0390226 0.0116323
0.063853 0.0560952
0.00977377 0.0605031
0.0313541 0.00380353
0.0364326 0.0262805
0.00258186 0.0440278
0.0154051 0.0425916
0.0290407 0.0559477
0.0553974 0.0343853
0.016322 0.0172775
0.0420038 0.015911
0.0664711 0.0527542
0.00978282 0.0631247
0.0303763 0.000905316
0.0371222 0.0279094
0.00662124 0.0442834
0.0148346 0.0389712
0.0253481 0.0600833
0.0550678 0.0287901
0.0108268 0.0162708
0.044985 0.0201897
0.0690893 0.0494133
0.00979187 0.0657463
0.0293985 0.0019929
0.0378118 0.0295383
0.00946011 0.0453787
0.0154647 0.034511
0.0216554 0.0642189
0.0573491 0.0241646
0.00533162 0.0152642
0.0453553 0.0234988
0.069714 0.0460723
0.00873359 0.0684231
0.0284207 0.00489111
0.0385014 0.0311672
0.0122058 0.0465464
0.016188 0.0299785
0.0190302 0.0682993
0.0632529 0.0207972
0.000163582 0.0142575
0.0432453 0.0240372
0.0670958 0.0427313
0.00493723 0.0701938
0.0274429 0.00778932
0.0380488 0.0343085
0.0149514 0.047714
0.0169112 0.025446
0.0191429 0.0691693
0.0691566 0.0174299
0.00565878 0.0132509
0.0416291 0.023909
0.0644777 0.0393903
0.00114086 0.0673893
0.0264652 0.0106875
0.0371025 0.0381164
0.0176971 0.0488817
0.0176345 0.0209135
0.0192557 0.0652166
0.066361 0.0140625
0.0105659 0.0118496
0.0400128 0.0237809
0.0618596 0.0360493
0.0026555 0.0645849
0.0266591 0.0128296
0.0361561 0.0419244
0.0204427 0.0500493
0.0177742 0.0175318
0.0193685 0.0612639
0.0604572 0.0106952
0.00972949 0.00629988
0.0383966 0.0236527
0.0592415 0.0327084
0.00645186 0.0617804
0.0304594 0.0127565
0.0352098 0.0457323
0.0237505 0.0490071
0.0200509 0.0205136
0.0189192 0.059521
0.0545535 0.00732788
0.00888001 0.000738775
0.0367804 0.0235245
0.0566234 0.0293674
0.00892535 0.0590002
0.0342598 0.0126834
0.0365228 0.049556
0.0253185 0.046005
0.0223407 0.0235069
0.0192732 0.059698
0.0486497 0.00396054
0.00803052 0.00482233
0.0351642 0.0233963
0.0540052 0.0260264
0.00791965 0.056245
0.0380602 0.0126103
0.0401353 0.053432
0.024587 0.0429506
0.0246305 0.0265001
0.0231063 0.05985
0.042746 0.000593207
0.00718104 0.0103834
0.0341892 0.0228929
0.0513871 0.0226854
0.00691396 0.0534898
0.0418605 0.0125372
0.0437479 0.057308
0.0238554 0.0398961
0.0262791 0.0298686
0.0269395 0.060002
0.0368423 0.00277413
0.00633155 0.0159445
0.034189 0.0217448
0.0494282 0.0204327
0.00590826 0.0507346
0.0450018 0.0113758
0.0473604 0.061184
0.0216798 0.04122
0.028397 0.0295035
0.0307727 0.060154
0.0309385 0.00614146
0.00548207 0.0215056
0.0355021 0.0188601
0.0499227 0.0223691
0.00490256 0.0479794
0.0456895 0.0060254
0.0509729 0.06506
0.0190072 0.0439765
0.0296985 0.0294423
0.0346059 0.060306
0.0250348 0.0095088
0.00463258 0.0270667
0.0368405 0.0159403
0.0504172 0.0243054
0.00389687 0.0452242
0.0463772 0.000674996
0.0545855 0.068936
0.0163347 0.0467331
0.0309747 0.0294162
0.038439 0.060458
0.019131 0.0128761
0.00378309 0.0326278
0.0381789 0.0130205
0.0509117 0.0262418
0.00289117 0.042469
0.047065 0.00467541
0.058198 0.0686094
0.0136622 0.0494896
0.0322509 0.0293901
0.0422722 0.0606101
0.0132273 0.0162435
0.0036714 0.0314211
0.0380528 0.0107188
0.0514062 0.0281781
0.00114769 0.0464816
0.0492172 0.00940774
0.0618105 0.0647333
0.0109896 0.0522461
0.0335271 0.029364
0.0461054 0.0607621
0.00732354 0.0196108
0.00373185 0.0287019
0.0358007 0.00926944
0.0519007 0.0301144
2.91244e-05 0.0516965
0.0534953 0.0132877
0.0654231 0.0608573
0.00905589 0.0553128
0.0348034 0.0293379
0.0499386 0.0609141
